Komodo        0 3225 8 6 6 7 6 6 6 7 7 6 7 6 7 7 7 7
Houdini       0 3180 7 8 7 6 7 7 7 6 6 7 6 6 7 6 6 6
Rybka         0 3130 7 6 8 7 6 6 7 6 7 6 7 6 7 7 7 6
Gull          0 3124 6 7 6 8 7 6 6 7 7 7 6 7 6 6 6 7
Fizbo         0 3050 7 6 7 6 8 7 7 6 6 6 7 6 7 6 7 6
Ginkgo        0 3037 7 6 7 7 6 8 7 6 6 6 7 6 7 7 7 6
Protector     0 3008 7 6 6 7 6 6 8 7 7 6 7 6 7 7 7 6
Hannibal      0 3000 6 7 7 6 7 7 6 8 6 7 6 7 6 7 6 7
Texel         0 2979 6 7 6 6 7 7 6 7 8 7 6 7 6 7 6 7
Hakkapeliitta 0 2961 7 6 7 6 7 7 7 6 6 8 7 6 7 6 6 6
Bobcat        0 2850 6 7 6 7 6 6 6 7 7 6 8 7 6 6 7 7
Raptor        0 2844 7 7 7 6 7 7 7 6 6 7 6 8 6 7 6 7
DisasterArea  0 2831 6 6 6 7 6 6 6 7 7 6 7 7 8 6 7 7
Laser         0 2731 6 7 6 7 7 6 6 6 6 7 7 6 7 8 7 6
Fridolin      0 2520 6 7 6 7 6 6 6 7 7 7 6 7 6 6 8 7
Myrddin       0 2367 6 7 7 6 7 7 7 6 6 7 6 6 6 7 6 8
