Stockfish 0 3221 8 2 5 2 4 3 3 2 2 4 5 4 4 5 5 7
Fire      1 3085 3 8 0 3 1 6 2 2 5 2 5 7 5 4 4 4
Critter   0 3078 0 5 8 7 3 0 0 2 3 5 2 5 5 4 4 4
Andscacs  0 3072 3 2 6 8 0 5 3 3 2 4 3 4 4 3 5 5
Naum      0 3052 1 4 2 5 8 0 7 1 5 2 5 5 6 4 5 4
Chiron    0 3008 2 7 5 0 5 8 2 1 2 5 6 5 5 4 4 5
Nirvana   0 2994 2 3 5 2 6 3 8 7 2 5 4 2 5 5 4 5
Jonny     0 2940 3 3 3 2 4 4 6 8 2 5 5 2 5 4 5 4
Vajolet2  0 2920 3 0 2 3 0 3 3 3 8 6 7 4 4 3 5 4
Gaviota   0 2775 1 3 0 1 3 0 0 0 7 8 0 3 5 2 4 6
The_Baron 0 2744 0 0 3 2 0 7 1 0 6 5 8 0 4 5 5 5
Arasan    1 2732 1 6 0 1 0 0 3 3 1 2 5 8 4 3 7 4
JellyFish 0 2575 1 0 0 1 7 0 0 0 1 0 1 1 8 6 5 4
Fruit     0 2478 0 1 1 2 1 1 0 1 2 3 0 2 7 8 6 5
Delphil   0 2461 0 1 1 0 0 1 1 0 0 1 0 6 0 7 8 3
Firefly   0 2286 6 1 1 0 1 0 0 1 1 7 0 1 1 0 2 8
