Komodo        0 3225 8 4 4 3 4 4 2 5 5 4 5 4 5 5 5 5
Houdini       0 3180 1 8 5 4 5 3 3 4 4 5 2 4 5 4 4 4
Rybka         0 3130 1 0 8 5 4 2 3 4 5 4 3 4 5 5 5 4
Gull          0 3124 2 1 0 8 5 2 2 3 5 5 2 3 4 4 4 5
Fizbo         2 3050 1 0 1 0 8 5 1 0 0 4 5 2 3 2 5 4
Ginkgo        0 3037 1 2 3 3 0 8 3 0 2 4 5 2 5 5 5 4
Protector     0 3008 3 2 2 3 4 2 8 3 5 2 5 2 3 5 5 4
Hannibal      1 3000 0 1 1 2 5 5 2 8 2 5 0 3 4 5 4 5
Texel         0 2979 0 1 0 0 5 3 0 3 8 3 2 3 0 5 4 5
Hakkapeliitta 0 2961 1 0 1 0 1 1 3 0 2 8 5 2 3 2 4 4
Bobcat        0 2850 0 3 2 3 0 0 0 5 3 0 8 5 2 2 5 5
Raptor        0 2844 1 1 1 2 3 3 3 2 2 3 0 8 4 5 4 5
DisasterArea  0 2831 0 0 0 1 2 0 2 1 5 2 3 1 8 0 5 5
Laser         0 2731 0 1 0 1 3 0 0 0 0 3 3 0 5 8 5 2
Fridolin      0 2520 0 1 0 1 0 0 0 1 1 1 0 1 0 0 8 1
Myrddin       0 2367 0 1 1 0 1 1 1 0 0 1 0 0 0 3 4 8
