Komodo    0 3228 88 36 47 27 56 27 43 27 34 27 56 27 56 56 36 54
Stockfish 0 3222 27 88 56 27 26 27 56 27 27 25 56 25 54 56 36 27
Houdini   0 3181 16 07 88 36 27 16 27 56 36 52 25 56 25 47 27 47
Rybka     0 3131 36 36 27 88 07 27 27 23 36 56 27 36 27 12 30 56
Gull      0 3123 07 37 36 56 88 32 56 32 07 47 56 07 36 25 27 56
Fire      0 3082 36 36 47 36 23 88 47 56 56 56 27 32 23 27 27 27
Naum      0 3048 12 07 36 36 07 16 88 36 27 36 23 16 27 27 07 30
Nirvana   0 3031 36 36 07 32 23 07 27 88 36 36 47 36 07 56 03 27
Ginkgo    0 3028 21 36 27 27 56 07 36 27 88 25 32 07 36 56 36 27
Chiron    2 3015 36 30 03 07 16 07 27 27 30 88 27 07 36 56 16 16
Protector 0 3014 07 07 30 36 07 36 32 16 23 36 88 36 07 27 37 56
Andscacs  0 3004 36 30 07 27 56 23 47 27 56 56 27 88 07 34 36 56
Hannibal  0 3002 07 01 30 36 27 32 36 56 27 27 56 56 88 27 07 56
Vajolet2  0 2978 07 07 16 43 30 36 36 07 07 07 36 21 36 88 36 27
Jonny     0 2963 27 27 36 25 36 36 56 52 27 47 26 27 56 27 88 25
Raptor    0 2903 01 36 16 07 07 36 25 36 36 47 07 07 07 36 30 88
